+-----------------+------------+---------------------+-----------------+-----------+---------------+-------------------+-------------+----------+
| Population size | Stagnation |       Avg Time      | Avg Generations | Avg Score | Highest Score |       Price       | Repetitions | Accuracy |
+-----------------+------------+---------------------+-----------------+-----------+---------------+-------------------+-------------+----------+
|        10       |    300     | 0.02719299793243408 |      361.6      |    11.1   |      13.0     |        82.0       |      20     |   0.25   |
|        25       |    300     | 0.04128941297531128 |      212.2      |   12.15   |      13.0     |        85.0       |      20     |   0.65   |
|        40       |    300     |  0.0728899359703064 |      225.65     |    12.6   |      13.0     | 83.33333333333333 |      20     |   0.7    |
|        55       |    300     | 0.08375519514083862 |      206.75     |   12.25   |      13.0     | 75.66666666666667 |      20     |   0.55   |
|        70       |    300     | 0.11940994262695312 |      243.75     |    12.5   |      13.0     | 75.66666666666667 |      20     |   0.65   |
|        85       |    300     | 0.14484477043151855 |      242.5      |    12.3   |      13.0     | 75.66666666666667 |      20     |   0.5    |
|       100       |    300     | 0.13375195264816284 |      178.4      |    12.3   |      13.0     | 75.66666666666667 |      20     |   0.7    |
|       115       |    300     |  0.1486341118812561 |      172.0      |    12.7   |      13.0     | 75.66666666666667 |      20     |   0.75   |
|       130       |    300     |  0.1774045705795288 |      195.05     |   12.45   |      13.0     |        85.0       |      20     |   0.7    |
+-----------------+------------+---------------------+-----------------+-----------+---------------+-------------------+-------------+----------++-----------------+------------+---------------------+-----------------+-----------+---------------+-------------------+-------------+----------+
| Population size | Stagnation |       Avg Time      | Avg Generations | Avg Score | Highest Score |       Price       | Repetitions | Accuracy |
+-----------------+------------+---------------------+-----------------+-----------+---------------+-------------------+-------------+----------+
|       100       |    300     | 0.15249782800674438 |      188.2      |   12.35   |      13.0     | 75.66666666666667 |      20     |   0.7    |
|       120       |    300     |  0.2459407091140747 |      267.1      |   12.35   |      13.0     | 75.66666666666667 |      20     |   0.6    |
|       140       |    300     |  0.2256415605545044 |      218.3      |   12.35   |      13.0     | 75.66666666666667 |      20     |   0.65   |
|       160       |    300     | 0.22497464418411256 |      201.25     |    12.6   |      13.0     |        85.0       |      20     |   0.7    |
|       180       |    300     | 0.29825308322906496 |      209.5      |    12.6   |      13.0     | 83.33333333333333 |      20     |   0.7    |
|       200       |    300     | 0.29718407392501833 |      183.25     |   12.75   |      13.0     |        82.0       |      20     |   0.85   |
|       220       |    300     | 0.33724901676177976 |      188.75     |    12.2   |      13.0     | 83.33333333333333 |      20     |   0.6    |
|       240       |    300     |  0.521032178401947  |      275.8      |    12.2   |      13.0     |        82.0       |      20     |   0.45   |
|       260       |    300     |  0.3072497725486755 |      150.0      |   12.85   |      13.0     | 75.66666666666667 |      20     |   0.9    |
+-----------------+------------+---------------------+-----------------+-----------+---------------+-------------------+-------------+----------++-----------------+------------+---------------------+-----------------+-----------+---------------+-------------------+-------------+----------+
| Population size | Stagnation |       Avg Time      | Avg Generations | Avg Score | Highest Score |       Price       | Repetitions | Accuracy |
+-----------------+------------+---------------------+-----------------+-----------+---------------+-------------------+-------------+----------+
|       100       |    100     | 0.09132577180862426 |      121.65     |    11.9   |      13.0     | 83.33333333333333 |      20     |   0.4    |
|       100       |    115     | 0.07285665273666382 |      94.15      |   11.95   |      13.0     | 74.33333333333333 |      20     |   0.6    |
|       100       |    130     | 0.09304575920104981 |      125.05     |    12.2   |      13.0     | 75.66666666666667 |      20     |   0.5    |
|       100       |    145     | 0.13720662593841554 |      193.45     |   12.15   |      13.0     | 75.66666666666667 |      20     |   0.55   |
|       100       |    160     | 0.10446536540985107 |      143.2      |    12.0   |      13.0     | 83.33333333333333 |      20     |   0.45   |
|       100       |    175     | 0.10721603631973267 |      146.4      |   12.35   |      13.0     | 75.66666666666667 |      20     |   0.65   |
|       100       |    190     | 0.11826236248016357 |      163.0      |   12.45   |      13.0     |        82.0       |      20     |   0.7    |
|       100       |    205     | 0.13146284818649293 |      184.05     |    12.2   |      13.0     | 75.66666666666667 |      20     |   0.5    |
|       100       |    220     |  0.1276309609413147 |      178.2      |    12.0   |      13.0     |        82.0       |      20     |   0.55   |
+-----------------+------------+---------------------+-----------------+-----------+---------------+-------------------+-------------+----------++-----------------+------------+---------------------+-----------------+-----------+---------------+-------------------+-------------+----------+
| Population size | Stagnation |       Avg Time      | Avg Generations | Avg Score | Highest Score |       Price       | Repetitions | Accuracy |
+-----------------+------------+---------------------+-----------------+-----------+---------------+-------------------+-------------+----------+
|       100       |    300     | 0.10460702180862427 |      141.85     |   12.65   |      13.0     | 75.66666666666667 |      20     |   0.8    |
|       100       |    320     |  0.2624071717262268 |      293.55     |   12.45   |      13.0     | 75.66666666666667 |      20     |   0.6    |
|       100       |    340     | 0.24366999864578248 |      242.0      |    12.5   |      13.0     | 75.66666666666667 |      20     |   0.6    |
|       100       |    360     | 0.27456456422805786 |      290.8      |   12.25   |      13.0     | 75.66666666666667 |      20     |   0.45   |
|       100       |    380     | 0.20361194610595704 |      224.95     |    12.5   |      13.0     |        85.0       |      20     |   0.7    |
|       100       |    400     | 0.30541024208068845 |      300.85     |    12.3   |      13.0     |        85.0       |      20     |   0.55   |
|       100       |    420     | 0.19461417198181152 |      253.7      |    12.7   |      13.0     | 74.33333333333333 |      20     |   0.8    |
|       100       |    440     | 0.13749562501907348 |      191.85     |    12.7   |      13.0     | 74.33333333333333 |      20     |   0.85   |
|       100       |    460     | 0.16015158891677855 |      225.7      |   12.65   |      13.0     | 83.33333333333333 |      20     |   0.75   |
+-----------------+------------+---------------------+-----------------+-----------+---------------+-------------------+-------------+----------++-----------------+------------+---------------------+-----------------+-----------+---------------+-------------------+-------------+----------+---------------------+
| Population size | Stagnation |       Avg Time      | Avg Generations | Avg Score | Highest Score |       Price       | Repetitions | Accuracy |        CRSPB        |
+-----------------+------------+---------------------+-----------------+-----------+---------------+-------------------+-------------+----------+---------------------+
|       100       |    300     | 0.16352726221084596 |      228.9      |    12.5   |      13.0     | 75.66666666666667 |      20     |   0.75   |         0.85        |
|       100       |    300     |  0.1558375358581543 |      219.15     |    12.6   |      13.0     |        85.0       |      20     |   0.7    |  0.7999999999999999 |
|       100       |    300     | 0.17223432064056396 |      250.2      |   11.85   |      13.0     | 75.66666666666667 |      20     |   0.5    |  0.7499999999999999 |
|       100       |    300     | 0.11790136098861695 |      166.55     |    12.7   |      13.0     |        82.0       |      20     |   0.8    |  0.6999999999999998 |
|       100       |    300     | 0.12936805486679076 |      187.0      |    12.7   |      13.0     | 83.33333333333333 |      20     |   0.75   |  0.6499999999999998 |
|       100       |    300     |   0.15465087890625  |      230.8      |   12.475  |      13.0     |        82.0       |      20     |   0.75   |  0.5999999999999998 |
|       100       |    300     | 0.12842005491256714 |      191.55     |    12.4   |      13.0     | 75.66666666666667 |      20     |   0.7    |  0.5499999999999997 |
|       100       |    300     | 0.16375914812088013 |      253.25     |   11.925  |      13.0     |        85.0       |      20     |   0.45   |  0.4999999999999997 |
|       100       |    300     | 0.15053998231887816 |      234.35     |    12.5   |      13.0     |        82.0       |      20     |   0.7    | 0.44999999999999973 |
+-----------------+------------+---------------------+-----------------+-----------+---------------+-------------------+-------------+----------+---------------------++-----------------+------------+---------------------+-----------------+-----------+---------------+-------------------+-------------+----------+--------------------+
| Population size | Stagnation |       Avg Time      | Avg Generations | Avg Score | Highest Score |       Price       | Repetitions | Accuracy |       MTNPB        |
+-----------------+------------+---------------------+-----------------+-----------+---------------+-------------------+-------------+----------+--------------------+
|       100       |    300     | 0.14634090662002563 |      160.35     |    12.8   |      13.0     | 75.66666666666667 |      20     |   0.85   |        0.9         |
|       100       |    300     | 0.10583206415176391 |      107.7      |   12.95   |      13.0     | 75.66666666666667 |      20     |   0.95   |        0.85        |
|       100       |    300     | 0.10628933906555176 |      123.45     |   12.95   |      13.0     | 75.66666666666667 |      20     |   0.95   | 0.7999999999999999 |
|       100       |    300     | 0.12976446151733398 |      160.25     |   12.75   |      13.0     | 83.33333333333333 |      20     |   0.8    | 0.7499999999999999 |
|       100       |    300     | 0.13671517372131348 |      172.1      |    12.6   |      13.0     | 74.33333333333333 |      20     |   0.75   | 0.6999999999999998 |
|       100       |    300     |  0.1636190176010132 |      212.4      |    12.6   |      13.0     | 75.66666666666667 |      20     |   0.7    | 0.6499999999999998 |
|       100       |    300     | 0.16771947145462035 |      222.05     |   12.55   |      13.0     |        82.0       |      20     |   0.7    | 0.5999999999999998 |
|       100       |    300     |  0.1418084144592285 |      188.45     |   12.45   |      13.0     | 74.33333333333333 |      20     |   0.7    | 0.5499999999999997 |
|       100       |    300     | 0.12047563791275025 |      159.0      |   12.85   |      13.0     | 74.33333333333333 |      20     |   0.85   | 0.4999999999999997 |
+-----------------+------------+---------------------+-----------------+-----------+---------------+-------------------+-------------+----------+--------------------++-----------------+------------+----------------------+-----------------+-----------+---------------+-------------------+-------------+----------+
| Population size | Stagnation |       Avg Time       | Avg Generations | Avg Score | Highest Score |       Price       | Repetitions | Accuracy |
+-----------------+------------+----------------------+-----------------+-----------+---------------+-------------------+-------------+----------+
|        10       |    300     | 0.021453166007995607 |      285.8      |   12.35   |      13.0     |        85.0       |      20     |   0.7    |
|        25       |    300     | 0.04035307168960571  |      221.25     |   12.25   |      13.0     |        82.0       |      20     |   0.65   |
|        40       |    300     | 0.07282965183258057  |      251.25     |    12.1   |      13.0     |        85.0       |      20     |   0.65   |
|        55       |    300     | 0.08790985345840455  |      217.75     |    12.2   |      13.0     |        85.0       |      20     |   0.65   |
|        70       |    300     |  0.1172255277633667  |      237.2      |    12.5   |      13.0     |        82.0       |      20     |   0.65   |
|        85       |    300     | 0.11970442533493042  |      196.0      |    12.6   |      13.0     | 83.33333333333333 |      20     |   0.7    |
|       100       |    300     | 0.13137943744659425  |      179.8      |   12.55   |      13.0     | 83.33333333333333 |      20     |   0.75   |
|       115       |    300     | 0.14869002103805543  |      175.15     |   12.85   |      13.0     |        85.0       |      20     |   0.85   |
|       130       |    300     | 0.20199376344680786  |      225.0      |    12.6   |      13.0     |        85.0       |      20     |   0.75   |
+-----------------+------------+----------------------+-----------------+-----------+---------------+-------------------+-------------+----------++-----------------+------------+---------------------+-----------------+-----------+---------------+-------------------+-------------+----------+
| Population size | Stagnation |       Avg Time      | Avg Generations | Avg Score | Highest Score |       Price       | Repetitions | Accuracy |
+-----------------+------------+---------------------+-----------------+-----------+---------------+-------------------+-------------+----------+
|       100       |    300     |  0.2103298783302307 |      302.7      |    12.3   |      13.0     | 83.33333333333333 |      20     |   0.55   |
|       120       |    300     | 0.18891829252243042 |      221.6      |   12.25   |      13.0     | 75.66666666666667 |      20     |   0.55   |
|       140       |    300     | 0.18913978338241577 |      192.6      |   12.35   |      13.0     |        82.0       |      20     |   0.65   |
|       160       |    300     |  0.2139417290687561 |      190.6      |   12.55   |      13.0     | 83.33333333333333 |      20     |   0.6    |
|       180       |    300     |  0.303421413898468  |      212.3      |    12.7   |      13.0     | 75.66666666666667 |      20     |   0.8    |
|       200       |    300     |  0.2063470721244812 |      124.95     |   12.85   |      13.0     | 83.33333333333333 |      20     |   0.85   |
|       220       |    300     |  0.2467310070991516 |      136.9      |    12.7   |      13.0     | 75.66666666666667 |      20     |   0.8    |
|       240       |    300     |  0.3534555554389954 |      184.05     |   12.65   |      13.0     |        82.0       |      20     |   0.7    |
|       260       |    300     | 0.37179688215255735 |      184.0      |   12.125  |      13.0     |        82.0       |      20     |   0.65   |
+-----------------+------------+---------------------+-----------------+-----------+---------------+-------------------+-------------+----------++-----------------+------------+---------------------+-----------------+-----------+---------------+-------------------+-------------+----------+
| Population size | Stagnation |       Avg Time      | Avg Generations | Avg Score | Highest Score |       Price       | Repetitions | Accuracy |
+-----------------+------------+---------------------+-----------------+-----------+---------------+-------------------+-------------+----------+
|       100       |    100     | 0.08074549436569214 |      103.8      |    11.8   |      13.0     |        85.0       |      20     |   0.45   |
|       100       |    115     | 0.09850143194198609 |      129.2      |    11.4   |      13.0     | 74.33333333333333 |      20     |   0.35   |
|       100       |    130     | 0.08697661161422729 |      113.35     |    12.0   |      13.0     | 74.33333333333333 |      20     |   0.5    |
|       100       |    145     | 0.10291916131973267 |      138.25     |   11.65   |      13.0     |        82.0       |      20     |   0.35   |
|       100       |    160     |  0.1230076789855957 |      168.7      |    11.6   |      13.0     | 83.33333333333333 |      20     |   0.35   |
|       100       |    175     | 0.10120176076889038 |      136.05     |   12.35   |      13.0     | 75.66666666666667 |      20     |   0.65   |
|       100       |    190     | 0.14741134643554688 |      206.0      |   12.35   |      13.0     | 75.66666666666667 |      20     |   0.45   |
|       100       |    205     | 0.15349063873291016 |      215.3      |   12.15   |      13.0     |        85.0       |      20     |   0.45   |
|       100       |    220     | 0.10853936672210693 |      147.0      |   12.55   |      13.0     | 75.66666666666667 |      20     |   0.75   |
+-----------------+------------+---------------------+-----------------+-----------+---------------+-------------------+-------------+----------++-----------------+------------+---------------------+-----------------+-----------+---------------+-------------------+-------------+----------+
| Population size | Stagnation |       Avg Time      | Avg Generations | Avg Score | Highest Score |       Price       | Repetitions | Accuracy |
+-----------------+------------+---------------------+-----------------+-----------+---------------+-------------------+-------------+----------+
|       100       |    300     | 0.13814260959625244 |      191.35     |    12.7   |      13.0     |        85.0       |      20     |   0.85   |
|       100       |    320     | 0.17706642150878907 |      251.5      |   12.15   |      13.0     | 83.33333333333333 |      20     |   0.55   |
|       100       |    340     |  0.1624838590621948 |      229.25     |   12.65   |      13.0     |        85.0       |      20     |   0.7    |
|       100       |    360     |  0.1665305495262146 |      233.7      |    12.8   |      13.0     | 75.66666666666667 |      20     |   0.85   |
|       100       |    380     |  0.173966121673584  |      246.25     |    12.6   |      13.0     |        82.0       |      20     |   0.75   |
|       100       |    400     | 0.17197399139404296 |      243.0      |    12.6   |      13.0     | 75.66666666666667 |      20     |   0.65   |
|       100       |    420     | 0.17746058702468873 |      249.9      |    12.6   |      13.0     | 83.33333333333333 |      20     |   0.65   |
|       100       |    440     | 0.21432619094848632 |      307.35     |    12.7   |      13.0     |        82.0       |      20     |   0.7    |
|       100       |    460     | 0.15539145469665527 |      217.4      |   12.85   |      13.0     | 75.66666666666667 |      20     |   0.85   |
+-----------------+------------+---------------------+-----------------+-----------+---------------+-------------------+-------------+----------++-----------------+------------+---------------------+-----------------+-----------+---------------+-------------------+-------------+----------+---------------------+
| Population size | Stagnation |       Avg Time      | Avg Generations | Avg Score | Highest Score |       Price       | Repetitions | Accuracy |        CRSPB        |
+-----------------+------------+---------------------+-----------------+-----------+---------------+-------------------+-------------+----------+---------------------+
|       100       |    300     |  0.1248557448387146 |      166.6      |   12.85   |      13.0     |        85.0       |      20     |   0.85   |         0.85        |
|       100       |    300     | 0.14597877264022827 |      205.15     |    12.4   |      13.0     | 83.33333333333333 |      20     |   0.65   |  0.7999999999999999 |
|       100       |    300     | 0.18016639947891236 |      257.85     |    12.5   |      13.0     |        85.0       |      20     |   0.6    |  0.7499999999999999 |
|       100       |    300     | 0.15170129537582397 |      215.95     |   12.75   |      13.0     | 83.33333333333333 |      20     |   0.75   |  0.6999999999999998 |
|       100       |    300     | 0.14319530725479127 |      206.1      |   12.65   |      13.0     | 83.33333333333333 |      20     |   0.75   |  0.6499999999999998 |
|       100       |    300     | 0.13153830766677857 |      191.55     |   12.75   |      13.0     | 75.66666666666667 |      20     |   0.85   |  0.5999999999999998 |
|       100       |    300     |  0.1563343286514282 |      234.5      |    12.3   |      13.0     |        85.0       |      20     |   0.6    |  0.5499999999999997 |
|       100       |    300     |  0.1588696002960205 |      242.45     |   11.95   |      13.0     | 74.33333333333333 |      20     |   0.55   |  0.4999999999999997 |
|       100       |    300     |  0.1654325008392334 |      256.45     |    12.3   |      13.0     | 75.66666666666667 |      20     |   0.6    | 0.44999999999999973 |
+-----------------+------------+---------------------+-----------------+-----------+---------------+-------------------+-------------+----------+---------------------++-----------------+------------+---------------------+-----------------+-----------+---------------+-------------------+-------------+----------+--------------------+
| Population size | Stagnation |       Avg Time      | Avg Generations | Avg Score | Highest Score |       Price       | Repetitions | Accuracy |       MTNPB        |
+-----------------+------------+---------------------+-----------------+-----------+---------------+-------------------+-------------+----------+--------------------+
|       100       |    300     | 0.09780945777893066 |      107.05     |   12.95   |      13.0     | 75.66666666666667 |      20     |   0.95   |        0.9         |
|       100       |    300     | 0.09381531476974488 |      102.85     |   12.85   |      13.0     | 75.66666666666667 |      20     |   0.9    |        0.85        |
|       100       |    300     | 0.10499041080474854 |      121.85     |    13.0   |      13.0     | 75.66666666666667 |      20     |   1.0    | 0.7999999999999999 |
|       100       |    300     | 0.14362244606018065 |      172.85     |   12.65   |      13.0     | 75.66666666666667 |      20     |   0.8    | 0.7499999999999999 |
|       100       |    300     | 0.12407636642456055 |      147.45     |   12.85   |      13.0     | 75.66666666666667 |      20     |   0.85   | 0.6999999999999998 |
|       100       |    300     |  0.1334244728088379 |      166.75     |   12.75   |      13.0     | 75.66666666666667 |      20     |   0.75   | 0.6499999999999998 |
|       100       |    300     |  0.1554597496986389 |      201.9      |   12.55   |      13.0     | 74.33333333333333 |      20     |   0.65   | 0.5999999999999998 |
|       100       |    300     | 0.15542408227920532 |      205.65     |    12.6   |      13.0     | 74.33333333333333 |      20     |   0.7    | 0.5499999999999997 |
|       100       |    300     |  0.1746684193611145 |      232.3      |   12.325  |      13.0     |        85.0       |      20     |   0.55   | 0.4999999999999997 |
+-----------------+------------+---------------------+-----------------+-----------+---------------+-------------------+-------------+----------+--------------------++-----------------+------------+----------------------+-----------------+-----------+---------------+-------------------+-------------+----------+
| Population size | Stagnation |       Avg Time       | Avg Generations | Avg Score | Highest Score |       Price       | Repetitions | Accuracy |
+-----------------+------------+----------------------+-----------------+-----------+---------------+-------------------+-------------+----------+
|        10       |    300     | 0.028412294387817384 |      386.45     |    9.95   |      13.0     | 75.66666666666667 |      20     |   0.15   |
|        25       |    300     |  0.0620593786239624  |      352.2      |   11.05   |      13.0     | 75.66666666666667 |      20     |   0.3    |
|        40       |    300     | 0.08676477670669555  |      304.1      |    11.3   |      13.0     | 75.66666666666667 |      20     |   0.4    |
|        55       |    300     | 0.12676559686660765  |      322.4      |    11.2   |      13.0     | 75.66666666666667 |      20     |   0.35   |
|        70       |    300     | 0.12835116386413575  |      262.2      |    11.8   |      13.0     | 75.66666666666667 |      20     |   0.55   |
|        85       |    300     | 0.14579256772994995  |      244.25     |    11.6   |      13.0     | 75.66666666666667 |      20     |   0.5    |
|       100       |    300     | 0.18487198352813722  |      251.85     |    11.6   |      13.0     | 75.66666666666667 |      20     |   0.5    |
|       115       |    300     | 0.22520283460617066  |      270.45     |   11.65   |      13.0     | 75.66666666666667 |      20     |   0.55   |
|       130       |    300     | 0.24184805154800415  |      274.9      |    11.6   |      13.0     | 75.66666666666667 |      20     |   0.45   |
+-----------------+------------+----------------------+-----------------+-----------+---------------+-------------------+-------------+----------++-----------------+------------+---------------------+-----------------+-----------+---------------+-------------------+-------------+----------+
| Population size | Stagnation |       Avg Time      | Avg Generations | Avg Score | Highest Score |       Price       | Repetitions | Accuracy |
+-----------------+------------+---------------------+-----------------+-----------+---------------+-------------------+-------------+----------+
|       100       |    300     | 0.19269924163818358 |      279.9      |   11.55   |      13.0     | 75.66666666666667 |      20     |   0.5    |
|       120       |    300     |  0.2505751013755798 |      298.6      |    12.2   |      13.0     | 75.66666666666667 |      20     |   0.5    |
|       140       |    300     |  0.2868062138557434 |      305.05     |   11.15   |      13.0     | 75.66666666666667 |      20     |   0.4    |
|       160       |    300     |  0.2259134531021118 |      205.05     |    12.1   |      13.0     | 75.66666666666667 |      20     |   0.6    |
|       180       |    300     |  0.3893956422805786 |      280.7      |   11.65   |      13.0     | 75.66666666666667 |      20     |   0.4    |
|       200       |    300     |  0.3261539816856384 |      209.3      |    12.1   |      13.0     | 75.66666666666667 |      20     |   0.65   |
|       220       |    300     | 0.39034944772720337 |      228.3      |   11.95   |      13.0     | 75.66666666666667 |      20     |   0.5    |
|       240       |    300     |  0.5923654437065125 |      326.35     |   11.85   |      13.0     | 75.66666666666667 |      20     |   0.45   |
|       260       |    300     |  0.4725919127464294 |      243.5      |    11.8   |      13.0     | 74.33333333333333 |      20     |   0.5    |
+-----------------+------------+---------------------+-----------------+-----------+---------------+-------------------+-------------+----------++-----------------+------------+---------------------+-----------------+-----------+---------------+-------------------+-------------+----------+
| Population size | Stagnation |       Avg Time      | Avg Generations | Avg Score | Highest Score |       Price       | Repetitions | Accuracy |
+-----------------+------------+---------------------+-----------------+-----------+---------------+-------------------+-------------+----------+
|       100       |    100     | 0.10734572410583496 |      141.75     |    11.3   |      13.0     | 74.33333333333333 |      20     |   0.25   |
|       100       |    115     | 0.08821976184844971 |      116.35     |   10.975  |      13.0     | 75.66666666666667 |      20     |   0.25   |
|       100       |    130     | 0.11108483076095581 |      151.65     |    10.9   |      13.0     | 75.66666666666667 |      20     |   0.25   |
|       100       |    145     | 0.11949435472488404 |      165.05     |   10.65   |      13.0     | 75.66666666666667 |      20     |   0.25   |
|       100       |    160     | 0.14008890390396117 |      197.3      |   10.85   |      13.0     | 75.66666666666667 |      20     |   0.2    |
|       100       |    175     | 0.15544189214706422 |      220.0      |   11.35   |      13.0     | 75.66666666666667 |      20     |   0.35   |
|       100       |    190     | 0.13801063299179078 |      194.6      |    11.6   |      13.0     | 74.33333333333333 |      20     |   0.4    |
|       100       |    205     | 0.15743900537490846 |      223.0      |    11.1   |      13.0     | 75.66666666666667 |      20     |   0.45   |
|       100       |    220     |  0.1561229944229126 |      221.4      |    11.5   |      13.0     | 75.66666666666667 |      20     |   0.35   |
+-----------------+------------+---------------------+-----------------+-----------+---------------+-------------------+-------------+----------++-----------------+------------+---------------------+-----------------+-----------+---------------+-------------------+-------------+----------+
| Population size | Stagnation |       Avg Time      | Avg Generations | Avg Score | Highest Score |       Price       | Repetitions | Accuracy |
+-----------------+------------+---------------------+-----------------+-----------+---------------+-------------------+-------------+----------+
|       100       |    300     | 0.21040704250335693 |      299.65     |   11.65   |      13.0     | 75.66666666666667 |      20     |   0.45   |
|       100       |    320     | 0.22173755168914794 |      320.5      |   11.55   |      13.0     | 75.66666666666667 |      20     |   0.4    |
|       100       |    340     | 0.22316405773162842 |      322.35     |    11.5   |      13.0     | 75.66666666666667 |      20     |   0.5    |
|       100       |    360     | 0.21322243213653563 |      306.05     |   11.65   |      13.0     | 74.33333333333333 |      20     |   0.55   |
|       100       |    380     |  0.2612463593482971 |      379.45     |    11.6   |      13.0     | 75.66666666666667 |      20     |   0.35   |
|       100       |    400     |  0.1977411389350891 |      283.1      |    12.2   |      13.0     | 75.66666666666667 |      20     |   0.65   |
|       100       |    420     | 0.27166745662689207 |      394.45     |   11.85   |      13.0     | 75.66666666666667 |      20     |   0.45   |
|       100       |    440     | 0.25586135387420655 |      370.05     |   11.575  |      13.0     | 75.66666666666667 |      20     |   0.45   |
|       100       |    460     |  0.2898470044136047 |      421.7      |    11.4   |      13.0     | 75.66666666666667 |      20     |   0.4    |
+-----------------+------------+---------------------+-----------------+-----------+---------------+-------------------+-------------+----------++-----------------+------------+---------------------+-----------------+-----------+---------------+-------------------+-------------+----------+---------------------+
| Population size | Stagnation |       Avg Time      | Avg Generations | Avg Score | Highest Score |       Price       | Repetitions | Accuracy |        CRSPB        |
+-----------------+------------+---------------------+-----------------+-----------+---------------+-------------------+-------------+----------+---------------------+
|       100       |    300     | 0.18481383323669434 |      262.05     |   11.85   |      13.0     | 75.66666666666667 |      20     |   0.6    |         0.85        |
|       100       |    300     | 0.19071054458618164 |      275.9      |   11.95   |      13.0     | 74.33333333333333 |      20     |   0.6    |  0.7999999999999999 |
|       100       |    300     | 0.17617933750152587 |      255.9      |   11.75   |      13.0     | 75.66666666666667 |      20     |   0.5    |  0.7499999999999999 |
|       100       |    300     | 0.17401015758514404 |      252.9      |    11.9   |      13.0     | 75.66666666666667 |      20     |   0.5    |  0.6999999999999998 |
|       100       |    300     | 0.19918103218078614 |      298.15     |    10.7   |      13.0     | 75.66666666666667 |      20     |   0.3    |  0.6499999999999998 |
|       100       |    300     |  0.228779399394989  |      350.8      |   11.15   |      13.0     | 75.66666666666667 |      20     |   0.3    |  0.5999999999999998 |
|       100       |    300     |  0.1562482476234436 |      236.7      |   11.65   |      13.0     | 74.33333333333333 |      20     |   0.55   |  0.5499999999999997 |
|       100       |    300     |  0.2500909924507141 |      399.0      |   10.85   |      13.0     | 74.33333333333333 |      20     |   0.2    |  0.4999999999999997 |
|       100       |    300     | 0.15938096046447753 |      249.45     |    11.9   |      13.0     | 75.66666666666667 |      20     |   0.5    | 0.44999999999999973 |
+-----------------+------------+---------------------+-----------------+-----------+---------------+-------------------+-------------+----------+---------------------++-----------------+------------+---------------------+-----------------+-----------+---------------+-------------------+-------------+----------+--------------------+
| Population size | Stagnation |       Avg Time      | Avg Generations | Avg Score | Highest Score |       Price       | Repetitions | Accuracy |       MTNPB        |
+-----------------+------------+---------------------+-----------------+-----------+---------------+-------------------+-------------+----------+--------------------+
|       100       |    300     | 0.16987097263336182 |      204.3      |   12.65   |      13.0     | 74.33333333333333 |      20     |   0.8    |        0.9         |
|       100       |    300     | 0.21395695209503174 |      264.9      |   12.325  |      13.0     | 75.66666666666667 |      20     |   0.75   |        0.85        |
|       100       |    300     |  0.2258853793144226 |      287.25     |   11.925  |      13.0     | 75.66666666666667 |      20     |   0.55   | 0.7999999999999999 |
|       100       |    300     | 0.20305567979812622 |      259.9      |    12.3   |      13.0     | 74.33333333333333 |      20     |   0.6    | 0.7499999999999999 |
|       100       |    300     |  0.2338060259819031 |      307.2      |   11.975  |      13.0     | 75.66666666666667 |      20     |   0.5    | 0.6999999999999998 |
|       100       |    300     | 0.25478793382644654 |      338.75     |    12.1   |      13.0     | 75.66666666666667 |      20     |   0.55   | 0.6499999999999998 |
|       100       |    300     | 0.20825148820877076 |      279.4      |   12.075  |      13.0     | 75.66666666666667 |      20     |   0.65   | 0.5999999999999998 |
|       100       |    300     |  0.2497462034225464 |      322.3      |   10.75   |      13.0     | 75.66666666666667 |      20     |   0.25   | 0.5499999999999997 |
|       100       |    300     |  0.1964266777038574 |      264.55     |   12.075  |      13.0     | 75.66666666666667 |      20     |   0.55   | 0.4999999999999997 |
+-----------------+------------+---------------------+-----------------+-----------+---------------+-------------------+-------------+----------+--------------------++-----------------+------------+----------------------+-----------------+-------------------+---------------+-------------------+-------------+----------+
| Population size | Stagnation |       Avg Time       | Avg Generations |     Avg Score     | Highest Score |       Price       | Repetitions | Accuracy |
+-----------------+------------+----------------------+-----------------+-------------------+---------------+-------------------+-------------+----------+
|        10       |    300     | 0.028568196296691894 |      393.5      |        6.7        |      8.5      | 68.33333333333333 |      20     |   0.0    |
|        25       |    300     | 0.054973256587982175 |      315.5      |        7.15       |      9.0      | 68.66666666666667 |      20     |   0.2    |
|        40       |    300     | 0.10057753324508667  |      368.85     |        7.5        |      9.0      |        65.0       |      20     |   0.15   |
|        55       |    300     | 0.12541937828063965  |      331.95     |       8.175       |      9.0      | 68.66666666666667 |      20     |   0.4    |
|        70       |    300     | 0.16393330097198486  |      322.85     |        7.8        |      9.0      |        67.0       |      20     |   0.25   |
|        85       |    300     |  0.2150408983230591  |      364.9      |       7.425       |      9.0      | 68.66666666666667 |      20     |   0.05   |
|       100       |    300     |  0.2314749002456665  |      345.2      |        7.4        |      9.0      |        65.0       |      20     |   0.05   |
|       115       |    300     | 0.27781862020492554  |      359.0      |       7.5625      |      9.0      |        68.0       |      20     |   0.15   |
|       130       |    300     |  0.2668644905090332  |      310.95     | 7.590000000000001 |      9.0      | 68.66666666666667 |      20     |   0.1    |
+-----------------+------------+----------------------+-----------------+-------------------+---------------+-------------------+-------------+----------++-----------------+------------+---------------------+-----------------+-----------+---------------+-------------------+-------------+----------+
| Population size | Stagnation |       Avg Time      | Avg Generations | Avg Score | Highest Score |       Price       | Repetitions | Accuracy |
+-----------------+------------+---------------------+-----------------+-----------+---------------+-------------------+-------------+----------+
|       100       |    300     | 0.20113892555236818 |      288.2      |    7.65   |      9.0      | 66.66666666666667 |      20     |   0.2    |
|       120       |    300     | 0.25811123847961426 |      293.1      |   7.975   |      9.0      |        67.0       |      20     |   0.3    |
|       140       |    300     | 0.24996085166931153 |      254.45     |    7.9    |      9.0      | 68.66666666666667 |      20     |   0.4    |
|       160       |    300     |  0.3439156174659729 |      328.45     |    7.85   |      9.0      |        67.0       |      20     |   0.2    |
|       180       |    300     | 0.41037572622299195 |      303.45     |   7.7375  |      9.0      | 66.66666666666667 |      20     |   0.2    |
|       200       |    300     | 0.45941962003707887 |      306.05     |   7.675   |      9.0      | 68.66666666666667 |      20     |   0.25   |
|       220       |    300     |  0.5981853127479553 |      368.05     |    7.85   |      9.0      |        68.0       |      20     |   0.15   |
|       240       |    300     |  0.5567909598350524 |      312.25     |    7.6    |      9.0      | 68.66666666666667 |      20     |   0.15   |
|       260       |    300     |   0.62037513256073  |      330.1      |   8.125   |      9.0      |        67.0       |      20     |   0.15   |
+-----------------+------------+---------------------+-----------------+-----------+---------------+-------------------+-------------+----------++-----------------+------------+---------------------+-----------------+-------------------+---------------+-------------------+-------------+----------+
| Population size | Stagnation |       Avg Time      | Avg Generations |     Avg Score     | Highest Score |       Price       | Repetitions | Accuracy |
+-----------------+------------+---------------------+-----------------+-------------------+---------------+-------------------+-------------+----------+
|       100       |    100     | 0.08087929487228393 |      109.5      |       7.375       |      9.0      | 66.66666666666667 |      20     |   0.15   |
|       100       |    115     | 0.09957935810089111 |      134.8      |       7.2125      |      9.0      |        65.0       |      20     |   0.05   |
|       100       |    130     | 0.10151715278625488 |      139.0      |        7.44       |      9.0      | 68.66666666666667 |      20     |   0.15   |
|       100       |    145     | 0.13162765502929688 |      191.2      |       7.375       |      9.0      | 68.66666666666667 |      20     |   0.15   |
|       100       |    160     | 0.13777648210525512 |      199.8      |       7.6625      |      9.0      |        67.0       |      20     |   0.15   |
|       100       |    175     | 0.13041867017745973 |      188.35     | 7.390000000000001 |      9.0      |        65.0       |      20     |   0.15   |
|       100       |    190     | 0.13418540954589844 |      193.4      |       7.8875      |      9.0      |        68.0       |      20     |   0.2    |
|       100       |    205     | 0.13422605991363526 |      193.35     |       7.7125      |      9.0      | 68.66666666666667 |      20     |   0.25   |
|       100       |    220     | 0.15399377346038817 |      225.9      | 7.265000000000001 |      9.0      |        67.0       |      20     |   0.2    |
+-----------------+------------+---------------------+-----------------+-------------------+---------------+-------------------+-------------+----------++-----------------+------------+---------------------+-----------------+-----------+---------------+-------------------+-------------+----------+
| Population size | Stagnation |       Avg Time      | Avg Generations | Avg Score | Highest Score |       Price       | Repetitions | Accuracy |
+-----------------+------------+---------------------+-----------------+-----------+---------------+-------------------+-------------+----------+
|       100       |    300     | 0.24169024229049682 |      368.6      |   7.725   |      9.0      |        67.0       |      20     |   0.15   |
|       100       |    320     | 0.23459025621414184 |      353.4      |    7.7    |      9.0      | 66.66666666666667 |      20     |   0.2    |
|       100       |    340     | 0.24007585048675537 |      360.95     |    7.9    |      9.0      |        65.0       |      20     |   0.2    |
|       100       |    360     | 0.20299142599105835 |      302.6      |   7.925   |      9.0      |        67.0       |      20     |   0.35   |
|       100       |    380     | 0.23912047147750853 |      356.1      |   7.775   |      9.0      |        67.0       |      20     |   0.35   |
|       100       |    400     | 0.24922540187835693 |      374.1      |   7.775   |      9.0      |        68.0       |      20     |   0.25   |
|       100       |    420     |  0.3196333169937134 |      486.35     |    7.95   |      9.0      |        67.0       |      20     |   0.2    |
|       100       |    440     |  0.3163509130477905 |      480.55     |   7.925   |      9.0      |        68.0       |      20     |   0.25   |
|       100       |    460     | 0.31825598478317263 |      470.15     |    7.85   |      9.0      |        68.0       |      20     |   0.25   |
+-----------------+------------+---------------------+-----------------+-----------+---------------+-------------------+-------------+----------++-----------------+------------+---------------------+-----------------+-----------+---------------+-------------------+-------------+----------+---------------------+
| Population size | Stagnation |       Avg Time      | Avg Generations | Avg Score | Highest Score |       Price       | Repetitions | Accuracy |        CRSPB        |
+-----------------+------------+---------------------+-----------------+-----------+---------------+-------------------+-------------+----------+---------------------+
|       100       |    300     | 0.20298460721969605 |      299.4      |    7.45   |      9.0      |        68.0       |      20     |   0.1    |         0.85        |
|       100       |    300     |  0.2154897928237915 |      320.6      |   7.225   |      9.0      | 68.66666666666667 |      20     |   0.1    |  0.7999999999999999 |
|       100       |    300     |  0.2267585277557373 |      334.8      |    7.8    |      9.0      |        67.0       |      20     |   0.15   |  0.7499999999999999 |
|       100       |    300     |  0.2091270923614502 |      313.35     |    7.85   |      9.0      |        67.0       |      20     |   0.3    |  0.6999999999999998 |
|       100       |    300     | 0.21653600931167602 |      337.55     |    7.9    |      9.0      |        67.0       |      20     |   0.2    |  0.6499999999999998 |
|       100       |    300     |  0.2160528302192688 |      343.0      |   7.775   |      9.0      | 68.66666666666667 |      20     |   0.1    |  0.5999999999999998 |
|       100       |    300     | 0.19831671714782714 |      319.4      |    8.09   |      9.0      | 68.66666666666667 |      20     |   0.3    |  0.5499999999999997 |
|       100       |    300     | 0.18733099699020386 |      306.05     |    7.9    |      9.0      |        68.0       |      20     |   0.35   |  0.4999999999999997 |
|       100       |    300     |  0.1832078218460083 |      297.7      |   8.2375  |      9.0      |        67.0       |      20     |   0.3    | 0.44999999999999973 |
+-----------------+------------+---------------------+-----------------+-----------+---------------+-------------------+-------------+----------+---------------------++-----------------+------------+---------------------+-----------------+-----------+---------------+-------------------+-------------+----------+--------------------+
| Population size | Stagnation |       Avg Time      | Avg Generations | Avg Score | Highest Score |       Price       | Repetitions | Accuracy |       MTNPB        |
+-----------------+------------+---------------------+-----------------+-----------+---------------+-------------------+-------------+----------+--------------------+
|       100       |    300     |  0.2152435898780823 |      282.85     |   8.175   |      9.0      | 66.66666666666667 |      20     |   0.3    |        0.9         |
|       100       |    300     |  0.2617817401885986 |      347.95     |   7.925   |      9.0      |        65.0       |      20     |   0.15   |        0.85        |
|       100       |    300     | 0.21654579639434815 |      285.45     |    8.1    |      9.0      | 66.66666666666667 |      20     |   0.3    | 0.7999999999999999 |
|       100       |    300     | 0.18861137628555297 |      238.55     |    8.1    |      9.0      |        67.0       |      20     |   0.5    | 0.7499999999999999 |
|       100       |    300     | 0.20531132221221923 |      265.7      |    8.25   |      9.0      |        68.0       |      20     |   0.35   | 0.6999999999999998 |
|       100       |    300     | 0.23993953466415405 |      277.5      |   7.775   |      9.0      |        67.0       |      20     |   0.2    | 0.6499999999999998 |
|       100       |    300     |  0.2522964835166931 |      331.85     |   7.825   |      9.0      |        65.0       |      20     |   0.25   | 0.5999999999999998 |
|       100       |    300     | 0.22960190773010253 |      327.75     |   7.8625  |      9.0      | 68.66666666666667 |      20     |   0.15   | 0.5499999999999997 |
|       100       |    300     | 0.22356779575347902 |      296.35     |    7.8    |      9.0      |        68.0       |      20     |   0.25   | 0.4999999999999997 |
+-----------------+------------+---------------------+-----------------+-----------+---------------+-------------------+-------------+----------+--------------------++-----------------+------------
