GOALS Max price: 100 Linear time: 0.0039403438568115234 Result: 7.0
+---------+-------+---------------------+------------+----------------------+----------------------------------------------------+------------+
|  Steps  |  Tmax |         Tmin        | Stagnation |       Avg time       |                   Wrong results                    | Iterations |
+---------+-------+---------------------+------------+----------------------+----------------------------------------------------+------------+
|  9543.4 |  30.8 |  0.9710000000000001 |     -1     | 0.03911387920379639  |                         []                         |     10     |
|  1001.0 |  24.3 | 0.29200000000000004 |     -1     |          0           | [5.0, 5.0, 4.0, 5.0, 5.0, 5.0, 5.0, 4.0, 5.0, 5.0] |     10     |
|  933.6  |  31.0 |        0.268        |    500     |          0           |             [5.0, 5.0, 5.0, 5.0, 6.0]              |     5      |
|  1490.4 |  25.8 | 0.20939999999999998 |    1000    |          0           |             [5.0, 5.0, 6.0, 5.0, 5.0]              |     5      |
|  3125.6 |  26.4 |        0.244        |    1500    | 0.010938167572021484 |                [5.0, 5.0, 5.0, 5.0]                |     5      |
|  4641.6 |  25.2 |        0.266        |    2000    | 0.019101381301879883 |                [5.0, 5.0, 6.0, 5.0]                |     5      |
|  6783.4 |  25.2 |        0.246        |    2500    | 0.023725430170694988 |                     [5.0, 6.0]                     |     5      |
| 10628.6 |  26.2 |        0.262        |    3000    | 0.06212878227233887  |                [5.0, 6.0, 6.0, 6.0]                |     5      |
| 12688.4 |  24.4 | 0.25800000000000006 |    3500    | 0.050705790519714355 |                       [6.0]                        |     5      |
| 10001.0 | 250.0 |         0.3         |     -1     | 0.04500349362691244  |                     [5.0, 6.0]                     |     5      |
| 10001.0 | 200.0 |         0.3         |     -1     | 0.04442840814590454  |                       [5.0]                        |     5      |
| 10001.0 | 150.0 |         0.3         |     -1     |  0.0440207322438558  |                     [5.0, 5.0]                     |     5      |
| 10001.0 | 100.0 |         0.3         |     -1     | 0.042713594436645505 |                         []                         |     5      |
| 10001.0 |  50.0 |         0.3         |     -1     | 0.04324474334716797  |                         []                         |     5      |
| 10001.0 |  28.2 |         4.0         |     -1     | 0.041276137034098305 |                     [5.0, 5.0]                     |     5      |
| 10001.0 |  27.2 |         3.0         |     -1     | 0.041464149951934814 |                       [6.0]                        |     5      |
| 10001.0 |  25.8 |         2.0         |     -1     | 0.04084652662277222  |                       [5.0]                        |     5      |
| 10001.0 |  27.4 |         1.0         |     -1     | 0.04136085510253906  |                       [5.0]                        |     5      |
| 10001.0 |  26.0 |         0.5         |     -1     | 0.03953735033671061  |                     [5.0, 6.0]                     |     5      |
+---------+-------+---------------------+------------+----------------------+----------------------------------------------------+------------+
GOALS Max price: 90 Linear time: 0.0036461353302001953 Result: 7.0
+---------+-------+---------------------+------------+----------------------+----------------------------------------------------+------------+
|  Steps  |  Tmax |         Tmin        | Stagnation |       Avg time       |                   Wrong results                    | Iterations |
+---------+-------+---------------------+------------+----------------------+----------------------------------------------------+------------+
|  8706.1 |  24.8 |        0.642        |     -1     | 0.03507552146911621  |                         []                         |     10     |
|  1001.0 |  24.4 | 0.23900000000000002 |     -1     |          0           | [5.0, 4.0, 5.0, 6.0, 5.0, 5.0, 4.0, 6.0, 4.0, 5.0] |     10     |
|  1484.6 |  27.0 | 0.20340000000000003 |    500     |          0           |             [5.0, 5.0, 5.0, 5.0, 5.0]              |     5      |
|  1866.4 |  23.6 | 0.20800000000000002 |    1000    | 0.010350227355957031 |                [5.0, 5.0, 5.0, 5.0]                |     5      |
|  4121.2 |  27.6 |        0.238        |    1500    | 0.012282490730285645 |                  [5.0, 5.0, 5.0]                   |     5      |
|  6665.0 |  25.2 |         0.24        |    2000    | 0.029750943183898926 |                  [5.0, 5.0, 6.0]                   |     5      |
|  4067.4 |  25.4 | 0.21400000000000002 |    2500    | 0.01934492588043213  |                  [5.0, 5.0, 5.0]                   |     5      |
|  8432.8 |  26.0 |        0.258        |    3000    | 0.04823486010233561  |                     [5.0, 5.0]                     |     5      |
|  9716.2 |  28.2 | 0.22400000000000003 |    3500    | 0.04673171043395996  |                     [6.0, 6.0]                     |     5      |
| 10001.0 | 250.0 |         0.3         |     -1     | 0.04516512155532837  |                       [5.0]                        |     5      |
| 10001.0 | 200.0 |         0.3         |     -1     | 0.04438338279724121  |                         []                         |     5      |
| 10001.0 | 150.0 |         0.3         |     -1     | 0.04406628608703613  |                         []                         |     5      |
| 10001.0 | 100.0 |         0.3         |     -1     | 0.04426300525665283  |                       [6.0]                        |     5      |
| 10001.0 |  50.0 |         0.3         |     -1     | 0.04452832539876302  |                     [5.0, 5.0]                     |     5      |
| 10001.0 |  26.4 |         4.0         |     -1     | 0.041610431671142575 |                         []                         |     5      |
| 10001.0 |  23.6 |         3.0         |     -1     | 0.040576934814453125 |                     [5.0, 5.0]                     |     5      |
| 10001.0 |  23.0 |         2.0         |     -1     | 0.04050978024800619  |                     [5.0, 5.0]                     |     5      |
| 10001.0 |  26.0 |         1.0         |     -1     | 0.04105740785598755  |                       [5.0]                        |     5      |
| 10001.0 |  25.2 |         0.5         |     -1     | 0.04046928882598877  |                       [5.0]                        |     5      |
+---------+-------+---------------------+------------+----------------------+----------------------------------------------------+------------+
GOALS Max price: 80 Linear time: 0.0036551952362060547 Result: 5.0
+---------+-------+---------------------+------------+----------------------+---------------+------------+
|  Steps  |  Tmax |         Tmin        | Stagnation |       Avg time       | Wrong results | Iterations |
+---------+-------+---------------------+------------+----------------------+---------------+------------+
|  993.5  | 186.0 |         1.52        |     -1     | 0.004071640968322754 |       []      |     10     |
|  1001.0 | 192.0 |        0.262        |     -1     | 0.00402379035949707  |   [4.0, 4.0]  |     10     |
|  1323.0 | 198.0 |        0.268        |    500     | 0.004292726516723633 |   [4.0, 4.0]  |     5      |
|  2082.0 | 176.0 | 0.17200000000000001 |    1000    | 0.00965970754623413  |     [4.0]     |     5      |
|  3679.2 | 224.0 |         0.19        |    1500    | 0.015451192855834961 |     [4.0]     |     5      |
|  4833.0 | 194.0 |        0.246        |    2000    | 0.019529104232788086 |       []      |     5      |
|  6167.6 | 158.0 | 0.28600000000000003 |    2500    | 0.025053644180297853 |       []      |     5      |
| 13042.4 | 194.0 | 0.26799999999999996 |    3000    | 0.053582382202148435 |       []      |     5      |
| 16660.6 | 180.0 | 0.23400000000000004 |    3500    | 0.06721677780151367  |       []      |     5      |
| 10001.0 | 250.0 |         0.3         |     -1     | 0.04435639381408692  |       []      |     5      |
| 10001.0 | 200.0 |         0.3         |     -1     | 0.04513826370239258  |       []      |     5      |
| 10001.0 | 150.0 |         0.3         |     -1     | 0.04529194831848145  |       []      |     5      |
| 10001.0 | 100.0 |         0.3         |     -1     |  0.0441077709197998  |       []      |     5      |
| 10001.0 |  50.0 |         0.3         |     -1     | 0.04548015594482422  |       []      |     5      |
| 10001.0 | 162.0 |         4.0         |     -1     | 0.04068388938903809  |       []      |     5      |
| 10001.0 | 226.0 |         3.0         |     -1     | 0.04228043556213379  |       []      |     5      |
| 10001.0 | 222.0 |         2.0         |     -1     | 0.04140682220458984  |       []      |     5      |
| 10001.0 | 172.0 |         1.0         |     -1     | 0.04148058891296387  |       []      |     5      |
| 10001.0 | 194.0 |         0.5         |     -1     | 0.040181207656860354 |       []      |     5      |
+---------+-------+---------------------+------------+----------------------+---------------+------------+
GOALS Max price: 70 Linear time: 0.004704475402832031 Result: 5.0
+---------+-------+---------------------+------------+-----------------------+-----------------------------------------------+------------+
|  Steps  |  Tmax |         Tmin        | Stagnation |        Avg time       |                 Wrong results                 | Iterations |
+---------+-------+---------------------+------------+-----------------------+-----------------------------------------------+------------+
|  724.0  | 288.0 |        1.373        |     -1     | 0.0030006647109985353 |                       []                      |     10     |
|  1001.0 | 272.0 | 0.20600000000000004 |     -1     | 0.0037937164306640625 | [3.0, 3.0, 3.0, 2.0, 4.0, 3.0, 3.0, 3.0, 3.0] |     10     |
|  1186.6 | 280.0 |        0.258        |    500     |           0           |           [3.0, 3.0, 3.0, 3.0, 3.0]           |     5      |
|  1695.0 | 260.0 | 0.20800000000000002 |    1000    |           0           |           [3.0, 3.0, 3.0, 3.0, 3.0]           |     5      |
|  4447.6 | 258.0 |        0.164        |    1500    |   0.0359807014465332  |              [3.0, 3.0, 3.0, 3.0]             |     5      |
| 10250.2 | 256.0 | 0.22800000000000004 |    2000    |  0.04952096939086914  |              [3.0, 4.0, 4.0, 4.0]             |     5      |
| 13398.2 | 248.0 | 0.23600000000000004 |    2500    |  0.05664889017740885  |                   [3.0, 4.0]                  |     5      |
|  8254.8 | 258.0 |        0.296        |    3000    |  0.034407520294189455 |                       []                      |     5      |
| 13414.0 | 234.0 |        0.186        |    3500    |  0.054179747899373375 |                   [4.0, 4.0]                  |     5      |
| 10001.0 | 250.0 |         0.3         |     -1     |  0.04368464152018229  |                   [3.0, 3.0]                  |     5      |
| 10001.0 | 200.0 |         0.3         |     -1     |  0.04243389765421549  |                   [4.0, 3.0]                  |     5      |
| 10001.0 | 150.0 |         0.3         |     -1     |  0.042736148834228514 |                       []                      |     5      |
| 10001.0 | 100.0 |         0.3         |     -1     |  0.04189443588256836  |              [3.0, 4.0, 3.0, 3.0]             |     5      |
| 10001.0 |  50.0 |         0.3         |     -1     |  0.04095401763916016  |                       []                      |     5      |
| 10001.0 | 268.0 |         4.0         |     -1     |  0.04653081893920898  |                       []                      |     5      |
| 10001.0 | 258.0 |         3.0         |     -1     |  0.040036141872406006 |                     [3.0]                     |     5      |
| 10001.0 | 262.0 |         2.0         |     -1     |  0.039371093114217125 |                   [3.0, 3.0]                  |     5      |
| 10001.0 | 274.0 |         1.0         |     -1     |   0.0398678183555603  |                     [4.0]                     |     5      |
| 10001.0 | 254.0 |         0.5         |     -1     |  0.03896911938985189  |                   [3.0, 3.0]                  |     5      |
+---------+-------+---------------------+------------+-----------------------+-----------------------------------------------+------------+
SHOTONS Max price: 100 Linear time: 0.0036537647247314453 Result: 13.0
+---------+-------+---------------------+------------+-----------------------+--------------------------------+------------+
|  Steps  |  Tmax |         Tmin        | Stagnation |        Avg time       |         Wrong results          | Iterations |
+---------+-------+---------------------+------------+-----------------------+--------------------------------+------------+
|  1475.7 |  64.1 |        1.068        |     -1     |   0.006219482421875   |               []               |     10     |
|  1001.0 |  65.2 | 0.29900000000000004 |     -1     |  0.00402216116587321  |    [11.0, 12.0, 12.0, 12.0]    |     10     |
|  909.8  |  67.8 |        0.404        |    500     | 0.0032148361206054688 |       [11.0, 11.0, 10.0]       |     5      |
|  2386.4 |  59.4 | 0.47000000000000003 |    1000    |           0           | [12.0, 12.0, 11.0, 12.0, 12.0] |     5      |
|  3947.0 |  64.0 |        0.328        |    1500    |  0.020124276479085285 |          [12.0, 12.0]          |     5      |
|  7405.8 |  64.0 |        0.264        |    2000    |   0.030267333984375   |               []               |     5      |
|  6618.6 |  63.0 |        0.368        |    2500    |  0.027481269836425782 |               []               |     5      |
|  5355.8 |  62.0 |        0.246        |    3000    |   0.0218808650970459  |               []               |     5      |
| 12005.6 |  61.0 |         0.37        |    3500    |  0.04927902221679688  |               []               |     5      |
| 10001.0 | 250.0 |         0.3         |     -1     |  0.04622087478637695  |               []               |     5      |
| 10001.0 | 200.0 |         0.3         |     -1     |  0.045321321487426756 |               []               |     5      |
| 10001.0 | 150.0 |         0.3         |     -1     |  0.043901491165161136 |               []               |     5      |
| 10001.0 | 100.0 |         0.3         |     -1     |  0.043381357192993165 |               []               |     5      |
| 10001.0 |  50.0 |         0.3         |     -1     |  0.04286961555480957  |               []               |     5      |
| 10001.0 |  66.6 |         4.0         |     -1     |  0.041578817367553714 |               []               |     5      |
| 10001.0 |  62.8 |         3.0         |     -1     |  0.04190373420715332  |               []               |     5      |
| 10001.0 |  57.8 |         2.0         |     -1     |  0.04219145774841308  |               []               |     5      |
| 10001.0 |  66.4 |         1.0         |     -1     |  0.04164919853210449  |               []               |     5      |
| 10001.0 |  51.2 |         0.5         |     -1     |   0.0388674259185791  |               []               |     5      |
+---------+-------+---------------------+------------+-----------------------+--------------------------------+------------+
SHOTONS Max price: 90 Linear time: 0.0036804676055908203 Result: 13.0
+---------+-------+---------------------+------------+----------------------+--------------------------------+------------+
|  Steps  |  Tmax |         Tmin        | Stagnation |       Avg time       |         Wrong results          | Iterations |
+---------+-------+---------------------+------------+----------------------+--------------------------------+------------+
|  1816.8 |  60.9 |        1.241        |     -1     | 0.007519030570983886 |               []               |     10     |
|  1001.0 |  61.0 | 0.32100000000000006 |     -1     | 0.004104900360107422 | [12.0, 12.0, 10.0, 11.0, 12.0] |     10     |
|  1018.6 |  62.8 | 0.23199999999999998 |    500     | 0.004810333251953125 |          [12.0, 11.0]          |     5      |
|  2414.4 |  56.8 |         0.35        |    1000    | 0.011716604232788086 |          [12.0, 12.0]          |     5      |
|  3706.8 |  68.2 | 0.31999999999999995 |    1500    | 0.015503215789794921 |               []               |     5      |
|  5555.0 |  68.8 |        0.332        |    2000    | 0.02299365997314453  |               []               |     5      |
|  5483.4 |  67.8 |        0.312        |    2500    | 0.02485334873199463  |             [12.0]             |     5      |
| 11059.6 |  67.2 | 0.27999999999999997 |    3000    | 0.04546699523925781  |               []               |     5      |
| 10503.6 |  63.6 | 0.28200000000000003 |    3500    | 0.04448366165161133  |               []               |     5      |
| 10001.0 | 250.0 |         0.3         |     -1     | 0.043302059173583984 |               []               |     5      |
| 10001.0 | 200.0 |         0.3         |     -1     | 0.04429011344909668  |               []               |     5      |
| 10001.0 | 150.0 |         0.3         |     -1     | 0.04967379570007324  |               []               |     5      |
| 10001.0 | 100.0 |         0.3         |     -1     | 0.044936609268188474 |               []               |     5      |
| 10001.0 |  50.0 |         0.3         |     -1     | 0.04898476600646973  |               []               |     5      |
| 10001.0 |  70.6 |         4.0         |     -1     | 0.04268074035644531  |               []               |     5      |
| 10001.0 |  52.4 |         3.0         |     -1     | 0.04462532997131348  |               []               |     5      |
| 10001.0 |  66.4 |         2.0         |     -1     | 0.04084491729736328  |               []               |     5      |
| 10001.0 |  56.0 |         1.0         |     -1     | 0.04022817611694336  |               []               |     5      |
| 10001.0 |  58.2 |         0.5         |     -1     | 0.03916292190551758  |               []               |     5      |
+---------+-------+---------------------+------------+----------------------+--------------------------------+------------+
SHOTONS Max price: 80 Linear time: 0.004830360412597656 Result: 13.0
+---------+-------+---------------------+------------+-----------------------+--------------------------------------------+------------+
|  Steps  |  Tmax |         Tmin        | Stagnation |        Avg time       |               Wrong results                | Iterations |
+---------+-------+---------------------+------------+-----------------------+--------------------------------------------+------------+
|  1812.3 | 219.0 |        1.214        |     -1     |  0.007859587669372559 |                     []                     |     10     |
|  1001.0 | 248.0 | 0.28200000000000003 |     -1     | 0.0040683746337890625 | [10.0, 11.0, 11.0, 12.0, 10.0, 10.0, 10.0] |     10     |
|  814.2  | 258.0 |        0.278        |    500     | 0.0022182464599609375 |          [10.0, 12.0, 11.0, 11.0]          |     5      |
|  1854.2 | 218.0 |        0.268        |    1000    |  0.006919384002685547 |          [10.0, 12.0, 12.0, 12.0]          |     5      |
|  2727.0 | 204.0 | 0.35200000000000004 |    1500    |  0.011250591278076172 |                     []                     |     5      |
|  8481.8 | 218.0 | 0.29400000000000004 |    2000    |  0.031587958335876465 |                   [12.0]                   |     5      |
|  5498.0 | 252.0 | 0.41400000000000003 |    2500    |  0.022555649280548096 |                   [12.0]                   |     5      |
|  7620.8 | 240.0 | 0.30999999999999994 |    3000    |  0.03275742530822754  |                     []                     |     5      |
|  8375.6 | 212.0 |        0.324        |    3500    |   0.0452876091003418  |                   [12.0]                   |     5      |
| 10001.0 | 250.0 |         0.3         |     -1     |  0.04588971138000488  |                     []                     |     5      |
| 10001.0 | 200.0 |         0.3         |     -1     |  0.05074653625488281  |                     []                     |     5      |
| 10001.0 | 150.0 |         0.3         |     -1     |  0.05189957618713379  |                     []                     |     5      |
| 10001.0 | 100.0 |         0.3         |     -1     |  0.05050497055053711  |                     []                     |     5      |
| 10001.0 |  50.0 |         0.3         |     -1     |  0.053615903854370116 |                     []                     |     5      |
| 10001.0 | 224.0 |         4.0         |     -1     |  0.044752311706542966 |                     []                     |     5      |
| 10001.0 | 212.0 |         3.0         |     -1     |  0.04891438484191894  |                     []                     |     5      |
| 10001.0 | 212.0 |         2.0         |     -1     |  0.040674686431884766 |                     []                     |     5      |
| 10001.0 | 228.0 |         1.0         |     -1     |  0.03961724042892456  |                   [12.0]                   |     5      |
| 10001.0 | 246.0 |         0.5         |     -1     |  0.04306902885437012  |                     []                     |     5      |
+---------+-------+---------------------+------------+-----------------------+--------------------------------------------+------------+
SHOTONS Max price: 70 Linear time: 0.003815889358520508 Result: 9.0
+---------+-------+---------------------+------------+-----------------------+----------------------------------------------------+------------+
|  Steps  |  Tmax |         Tmin        | Stagnation |        Avg time       |                   Wrong results                    | Iterations |
+---------+-------+---------------------+------------+-----------------------+----------------------------------------------------+------------+
|  235.9  | 277.0 |         2.37        |     -1     |  0.000995802879333496 |                         []                         |     10     |
|  1001.0 | 264.0 | 0.29900000000000004 |     -1     |           0           | [8.0, 8.0, 7.0, 8.0, 8.0, 8.5, 8.5, 8.5, 8.0, 6.0] |     10     |
|  886.8  | 286.0 | 0.27199999999999996 |    500     | 0.0024721622467041016 |                [7.0, 6.0, 5.0, 7.0]                |     5      |
|  2043.2 | 266.0 |        0.3766       |    1000    | 0.0070031483968098955 |                     [8.0, 8.0]                     |     5      |
|  3362.2 | 260.0 | 0.34199999999999997 |    1500    |  0.018405437469482422 |                [8.5, 8.0, 8.0, 8.0]                |     5      |
|  3974.2 | 296.0 |        0.308        |    2000    |  0.019484837849934895 |                     [8.5, 8.0]                     |     5      |
|  5442.0 | 286.0 |        0.268        |    2500    |  0.012511253356933594 |                [8.0, 8.0, 8.0, 8.0]                |     5      |
|  6480.6 | 232.0 |        0.354        |    3000    |  0.03535866737365723  |                [8.0, 8.0, 8.5, 8.5]                |     5      |
|  7998.0 | 294.0 | 0.29000000000000004 |    3500    |  0.032611417770385745 |                         []                         |     5      |
| 10001.0 | 250.0 |         0.3         |     -1     |  0.04311671257019043  |                         []                         |     5      |
| 10001.0 | 200.0 |         0.3         |     -1     |  0.04255843162536621  |                         []                         |     5      |
| 10001.0 | 150.0 |         0.3         |     -1     |  0.04243602752685547  |                         []                         |     5      |
| 10001.0 | 100.0 |         0.3         |     -1     |  0.04232382774353027  |                         []                         |     5      |
| 10001.0 |  50.0 |         0.3         |     -1     |   0.0411717414855957  |                         []                         |     5      |
| 10001.0 | 294.0 |         4.0         |     -1     |   0.0393435001373291  |                         []                         |     5      |
| 10001.0 | 290.0 |         3.0         |     -1     |  0.039641952514648436 |                         []                         |     5      |
| 10001.0 | 252.0 |         2.0         |     -1     |  0.04204306602478027  |                         []                         |     5      |
| 10001.0 | 292.0 |         1.0         |     -1     |  0.04069894552230835  |                       [8.0]                        |     5      |
| 10001.0 | 224.0 |         0.5         |     -1     |  0.037761259078979495 |                         []                         |     5      |
+---------+-------+---------------------+------------+-----------------------+----------------------------------------------------+------------+
