GOALS Max price: 100 Linear time: 0.004947662353515625 Result: 7.0
+---------+-------+---------------------+------------+----------------------+----------------------------------------------------+------------+
|  Steps  |  Tmax |         Tmin        | Stagnation |       Avg time       |                   Wrong results                    | Iterations |
+---------+-------+---------------------+------------+----------------------+----------------------------------------------------+------------+
|  8006.0 |  27.0 |  0.7390000000000001 |     -1     | 0.03173751831054687  |                         []                         |     10     |
|  1001.0 |  24.9 | 0.21000000000000002 |     -1     |          0           | [4.5, 5.0, 5.0, 5.0, 5.0, 5.0, 4.0, 5.0, 4.5, 6.0] |     10     |
|  6087.6 |  26.8 |        0.266        |    2000    |  0.0282595157623291  |                  [5.0, 5.0, 5.0]                   |     5      |
|  6900.4 |  24.4 |        0.202        |    2500    | 0.010530471801757812 |                [5.0, 5.0, 6.0, 5.0]                |     5      |
| 10650.4 |  22.8 |        0.244        |    3000    | 0.04946237802505493  |                       [6.0]                        |     5      |
|  7583.2 |  22.8 |         0.27        |    3500    | 0.03793191909790039  |                     [6.0, 5.0]                     |     5      |
| 15001.0 | 250.0 |         0.3         |     -1     | 0.06438312530517579  |                         []                         |     5      |
| 15001.0 | 200.0 |         0.3         |     -1     | 0.06425132751464843  |                         []                         |     5      |
| 15001.0 | 150.0 |         0.3         |     -1     | 0.06259074211120605  |                         []                         |     5      |
| 15001.0 | 100.0 |         0.3         |     -1     | 0.06259828805923462  |                       [5.0]                        |     5      |
| 15001.0 |  50.0 |         0.3         |     -1     | 0.061338186264038086 |                         []                         |     5      |
| 15001.0 |  26.2 |         4.0         |     -1     | 0.06058692932128906  |                     [5.0, 6.0]                     |     5      |
| 15001.0 |  28.0 |         3.0         |     -1     | 0.06059575080871582  |                       [6.0]                        |     5      |
| 15001.0 |  27.0 |         2.0         |     -1     | 0.059837961196899415 |                         []                         |     5      |
| 15001.0 |  20.8 |         1.0         |     -1     | 0.05952749252319336  |                         []                         |     5      |
| 15001.0 |  23.2 |         0.5         |     -1     | 0.05942648649215698  |                       [5.0]                        |     5      |
+---------+-------+---------------------+------------+----------------------+----------------------------------------------------+------------
+GOALS Max price: 90 Linear time: 0.0037589073181152344 Result: 7.0
+---------+-------+---------------------+------------+-----------------------+------------------------------------------+------------+
|  Steps  |  Tmax |         Tmin        | Stagnation |        Avg time       |              Wrong results               | Iterations |
+---------+-------+---------------------+------------+-----------------------+------------------------------------------+------------+
|  6608.8 |  26.4 |        0.768        |     -1     |  0.026125264167785645 |                    []                    |     10     |
|  1001.0 |  25.1 | 0.21399999999999997 |     -1     | 0.0042885541915893555 | [5.0, 5.0, 4.0, 5.0, 5.0, 5.0, 4.0, 5.0] |     10     |
|  4129.4 |  24.4 | 0.29200000000000004 |    2000    |  0.013439337412516275 |                [5.0, 5.0]                |     5      |
|  4439.6 |  24.8 |        0.304        |    2500    |   0.0203324556350708  |             [5.0, 5.0, 6.0]              |     5      |
|  8705.0 |  26.0 |        0.238        |    3000    |  0.030116915702819824 |                  [5.0]                   |     5      |
| 10810.4 |  26.8 |        0.242        |    3500    |  0.05880260467529297  |             [5.0, 6.0, 6.0]              |     5      |
| 15001.0 | 250.0 |         0.3         |     -1     |  0.06396782398223877  |                  [6.0]                   |     5      |
| 15001.0 | 200.0 |         0.3         |     -1     |   0.0631187915802002  |                    []                    |     5      |
| 15001.0 | 150.0 |         0.3         |     -1     |  0.06367354393005371  |                    []                    |     5      |
| 15001.0 | 100.0 |         0.3         |     -1     |   0.0630795955657959  |                    []                    |     5      |
| 15001.0 |  50.0 |         0.3         |     -1     |  0.06302661895751953  |                    []                    |     5      |
| 15001.0 |  21.2 |         4.0         |     -1     |  0.06040710210800171  |                  [5.0]                   |     5      |
| 15001.0 |  25.8 |         3.0         |     -1     |  0.05945849418640137  |                [6.0, 6.0]                |     5      |
| 15001.0 |  24.4 |         2.0         |     -1     |  0.061056554317474365 |                  [6.0]                   |     5      |
| 15001.0 |  28.2 |         1.0         |     -1     |   0.0604475736618042  |                  [6.0]                   |     5      |
| 15001.0 |  24.4 |         0.5         |     -1     |  0.05847110748291016  |                    []                    |     5      |
+---------+-------+---------------------+------------+-----------------------+------------------------------------------+------------+
GOALS Max price: 80 Linear time: 0.003546476364135742 Result: 5.0
+---------+-------+---------------------+------------+-----------------------+---------------------------+------------+
|  Steps  |  Tmax |         Tmin        | Stagnation |        Avg time       |       Wrong results       | Iterations |
+---------+-------+---------------------+------------+-----------------------+---------------------------+------------+
|  1372.3 | 203.0 |         1.55        |     -1     | 0.0054595708847045895 |             []            |     10     |
|  1001.0 | 198.0 |        0.207        |     -1     | 0.0040572166442871095 | [4.0, 4.0, 4.0, 4.0, 4.0] |     10     |
|  5850.6 | 208.0 | 0.24000000000000005 |    2000    |  0.023975229263305663 |             []            |     5      |
|  5814.6 | 198.0 | 0.23399999999999999 |    2500    |  0.02410588264465332  |             []            |     5      |
| 18327.6 | 200.0 | 0.23200000000000004 |    3000    |  0.07274980545043945  |             []            |     5      |
| 18349.6 | 206.0 |        0.256        |    3500    |  0.07325372695922852  |             []            |     5      |
| 15001.0 | 250.0 |         0.3         |     -1     |   0.0635519027709961  |             []            |     5      |
| 15001.0 | 200.0 |         0.3         |     -1     |   0.0664285659790039  |             []            |     5      |
| 15001.0 | 150.0 |         0.3         |     -1     |  0.06313190460205079  |             []            |     5      |
| 15001.0 | 100.0 |         0.3         |     -1     |   0.0653260350227356  |           [0.0]           |     5      |
| 15001.0 |  50.0 |         0.3         |     -1     |  0.06341886520385742  |             []            |     5      |
| 15001.0 | 204.0 |         4.0         |     -1     |  0.061831331253051756 |             []            |     5      |
| 15001.0 | 218.0 |         3.0         |     -1     |  0.060459566116333005 |             []            |     5      |
| 15001.0 | 178.0 |         2.0         |     -1     |  0.06244082450866699  |             []            |     5      |
| 15001.0 | 222.0 |         1.0         |     -1     |  0.06242413520812988  |             []            |     5      |
| 15001.0 | 180.0 |         0.5         |     -1     |  0.06069979667663574  |             []            |     5      |
+---------+-------+---------------------+------------+-----------------------+---------------------------+------------+
GOALS Max price: 70 Linear time: 0.003604888916015625 Result: 5.0
+---------+-------+---------------------+------------+----------------------+-----------------------------------------------+------------+
|  Steps  |  Tmax |         Tmin        | Stagnation |       Avg time       |                 Wrong results                 | Iterations |
+---------+-------+---------------------+------------+----------------------+-----------------------------------------------+------------+
|  558.2  | 265.0 |        1.521        |     -1     | 0.002424955368041992 |                       []                      |     10     |
|  1001.0 | 272.0 |         0.19        |     -1     | 0.003873586654663086 | [3.0, 3.0, 3.0, 3.0, 3.0, 2.0, 3.0, 3.0, 3.0] |     10     |
| 10716.0 | 272.0 |        0.274        |    2000    | 0.04537351926167806  |                   [3.0, 4.0]                  |     5      |
| 15905.6 | 260.0 | 0.15400000000000003 |    2500    | 0.06122368574142456  |                     [4.0]                     |     5      |
| 12810.4 | 268.0 | 0.19340000000000002 |    3000    | 0.05093550682067871  |                   [4.0, 4.0]                  |     5      |
| 12738.2 | 304.0 |        0.328        |    3500    | 0.04866838455200195  |                     [4.0]                     |     5      |
| 15001.0 | 250.0 |         0.3         |     -1     | 0.061890459060668944 |                       []                      |     5      |
| 15001.0 | 200.0 |         0.3         |     -1     | 0.061705986658732094 |                   [3.0, 3.0]                  |     5      |
| 15001.0 | 150.0 |         0.3         |     -1     |  0.060535728931427   |                     [4.0]                     |     5      |
| 15001.0 | 100.0 |         0.3         |     -1     | 0.05952000617980957  |                       []                      |     5      |
| 15001.0 |  50.0 |         0.3         |     -1     |  0.0621262788772583  |                     [3.0]                     |     5      |
| 15001.0 | 284.0 |         4.0         |     -1     | 0.059684157371520996 |                     [4.0]                     |     5      |
| 15001.0 | 278.0 |         3.0         |     -1     | 0.058547258377075195 |                     [4.0]                     |     5      |
| 15001.0 | 294.0 |         2.0         |     -1     | 0.05764760971069336  |                       []                      |     5      |
| 15001.0 | 240.0 |         1.0         |     -1     | 0.058182477951049805 |                       []                      |     5      |
| 15001.0 | 264.0 |         0.5         |     -1     | 0.057401418685913086 |                     [3.0]                     |     5      |
+---------+-------+---------------------+------------+----------------------+-----------------------------------------------+------------+
SHOTONS Max price: 100 Linear time: 0.0046346187591552734 Result: 13.0
+---------+-------+---------------------+------------+----------------------+-------------------------------+------------+
|  Steps  |  Tmax |         Tmin        | Stagnation |       Avg time       |         Wrong results         | Iterations |
+---------+-------+---------------------+------------+----------------------+-------------------------------+------------+
|  1604.6 |  67.0 |        1.052        |     -1     | 0.00656130313873291  |               []              |     10     |
|  1001.0 |  58.1 | 0.33599999999999997 |     -1     | 0.004119968414306641 | [11.0, 12.0, 12.0, 11.0, 4.0] |     10     |
|  3756.2 |  65.4 | 0.44000000000000006 |    2000    | 0.01853338877360026  |          [12.0, 12.0]         |     5      |
|  6274.8 |  51.4 | 0.24800000000000005 |    2500    | 0.02552003860473633  |               []              |     5      |
|  8190.4 |  74.8 |        0.346        |    3000    | 0.03321971893310547  |               []              |     5      |
| 15809.8 |  64.0 | 0.47800000000000004 |    3500    | 0.06332879066467285  |               []              |     5      |
| 15001.0 | 250.0 |         0.3         |     -1     | 0.06156463623046875  |               []              |     5      |
| 15001.0 | 200.0 |         0.3         |     -1     |  0.0620816707611084  |               []              |     5      |
| 15001.0 | 150.0 |         0.3         |     -1     | 0.06384530067443847  |               []              |     5      |
| 15001.0 | 100.0 |         0.3         |     -1     | 0.06217889785766602  |               []              |     5      |
| 15001.0 |  50.0 |         0.3         |     -1     | 0.06267023086547852  |               []              |     5      |
| 15001.0 |  58.8 |         4.0         |     -1     | 0.06217436790466309  |               []              |     5      |
| 15001.0 |  57.8 |         3.0         |     -1     | 0.060468196868896484 |               []              |     5      |
| 15001.0 |  51.2 |         2.0         |     -1     | 0.06020174026489258  |               []              |     5      |
| 15001.0 |  62.8 |         1.0         |     -1     | 0.05902562141418457  |               []              |     5      |
| 15001.0 |  63.6 |         0.5         |     -1     |  0.0579226016998291  |               []              |     5      |
+---------+-------+---------------------+------------+----------------------+-------------------------------+------------+
SHOTONS Max price: 90 Linear time: 0.004040241241455078 Result: 13.0
+---------+-------+---------------------+------------+----------------------+--------------------------+------------+
|  Steps  |  Tmax |         Tmin        | Stagnation |       Avg time       |      Wrong results       | Iterations |
+---------+-------+---------------------+------------+----------------------+--------------------------+------------+
|  1939.5 |  58.7 |  1.2500000000000002 |     -1     | 0.007756733894348144 |            []            |     10     |
|  1001.0 |  65.1 | 0.30500000000000005 |     -1     | 0.003873109817504883 | [12.0, 12.0, 11.0, 12.0] |     10     |
|  5145.2 |  67.2 | 0.42400000000000004 |    2000    | 0.021671247482299805 |            []            |     5      |
| 10318.2 |  60.2 |        0.364        |    2500    | 0.04237442016601563  |            []            |     5      |
| 10951.0 |  70.0 |        0.324        |    3000    | 0.04850846529006958  |          [12.0]          |     5      |
| 14418.4 |  72.2 |         0.37        |    3500    | 0.057341146469116214 |            []            |     5      |
| 15001.0 | 250.0 |         0.3         |     -1     | 0.06272778511047364  |            []            |     5      |
| 15001.0 | 200.0 |         0.3         |     -1     | 0.06670708656311035  |            []            |     5      |
| 15001.0 | 150.0 |         0.3         |     -1     | 0.06285028457641602  |            []            |     5      |
| 15001.0 | 100.0 |         0.3         |     -1     | 0.06392450332641601  |            []            |     5      |
| 15001.0 |  50.0 |         0.3         |     -1     | 0.06200308799743652  |            []            |     5      |
| 15001.0 |  62.6 |         4.0         |     -1     | 0.06100172996520996  |            []            |     5      |
| 15001.0 |  72.4 |         3.0         |     -1     | 0.060168123245239256 |            []            |     5      |
| 15001.0 |  67.0 |         2.0         |     -1     | 0.06033024787902832  |            []            |     5      |
| 15001.0 |  60.4 |         1.0         |     -1     | 0.059147977828979494 |            []            |     5      |
| 15001.0 |  56.8 |         0.5         |     -1     | 0.057389116287231444 |            []            |     5      |
+---------+-------+---------------------+------------+----------------------+--------------------------+------------+
SHOTONS Max price: 80 Linear time: 0.0036211013793945312 Result: 13.0
+---------+-------+---------------------+------------+-----------------------+--------------------------------------------------------+------------+
|  Steps  |  Tmax |         Tmin        | Stagnation |        Avg time       |                     Wrong results                      | Iterations |
+---------+-------+---------------------+------------+-----------------------+--------------------------------------------------------+------------+
|  1629.2 | 254.0 |  1.1889999999999998 |     -1     |  0.006796431541442871 |                           []                           |     10     |
|  1001.0 | 241.0 |        0.294        |     -1     | 0.0037834644317626953 | [11.0, 10.0, 12.0, 12.0, 11.0, 11.0, 12.0, 10.0, 11.0] |     10     |
|  4863.4 | 218.0 |        0.306        |    2000    |  0.02257925271987915  |                         [12.0]                         |     5      |
|  8305.2 | 166.0 | 0.31999999999999995 |    2500    |  0.033966779708862305 |                           []                           |     5      |
|  8604.6 | 290.0 |         0.4         |    3000    |  0.040406644344329834 |                         [12.0]                         |     5      |
|  5855.2 | 236.0 | 0.33399999999999996 |    3500    |  0.02565586566925049  |                         [12.0]                         |     5      |
| 15001.0 | 250.0 |         0.3         |     -1     |  0.06319260597229004  |                           []                           |     5      |
| 15001.0 | 200.0 |         0.3         |     -1     |  0.06286654472351075  |                           []                           |     5      |
| 15001.0 | 150.0 |         0.3         |     -1     |  0.06597237586975098  |                           []                           |     5      |
| 15001.0 | 100.0 |         0.3         |     -1     |  0.061530447006225585 |                           []                           |     5      |
| 15001.0 |  50.0 |         0.3         |     -1     |  0.06066803932189942  |                           []                           |     5      |
| 15001.0 | 248.0 |         4.0         |     -1     |  0.061601686477661136 |                           []                           |     5      |
| 15001.0 | 214.0 |         3.0         |     -1     |  0.06122503280639648  |                           []                           |     5      |
| 15001.0 | 236.0 |         2.0         |     -1     |  0.06089882850646973  |                           []                           |     5      |
| 15001.0 | 248.0 |         1.0         |     -1     |  0.06067337989807129  |                           []                           |     5      |
| 15001.0 | 288.0 |         0.5         |     -1     |  0.05894412994384766  |                           []                           |     5      |
+---------+-------+---------------------+------------+-----------------------+--------------------------------------------------------+------------+
SHOTONS Max price: 70 Linear time: 0.0038290023803710938 Result: 9.0
+---------+-------+---------------------+------------+-----------------------+-------------------------------------------------------------+------------+
|  Steps  |  Tmax |         Tmin        | Stagnation |        Avg time       |                        Wrong results                        | Iterations |
+---------+-------+---------------------+------------+-----------------------+-------------------------------------------------------------+------------+
|  196.0  | 274.0 |  2.8600000000000003 |     -1     | 0.0008122920989990234 |                              []                             |     10     |
|  1001.0 | 280.0 | 0.41200000000000003 |     -1     |  0.003987550735473633 | [8.0, 7.0, 8.0, 8.0, 8.0, 8.5, 7.666666666666667, 8.0, 8.0] |     10     |
|  3618.2 | 272.0 |        0.266        |    2000    |  0.016161322593688965 |                       [8.0, 8.5, 8.5]                       |     5      |
|  4775.6 | 252.0 |        0.2234       |    2500    |  0.020693719387054443 |                            [8.5]                            |     5      |
|  6560.0 | 262.0 |        0.2902       |    3000    |  0.026486539840698244 |                              []                             |     5      |
|  9930.8 | 284.0 |        0.2116       |    3500    |  0.04338926076889038  |                            [8.5]                            |     5      |
| 15001.0 | 250.0 |         0.3         |     -1     |  0.060119104385375974 |                              []                             |     5      |
| 15001.0 | 200.0 |         0.3         |     -1     |  0.06095843315124512  |                              []                             |     5      |
| 15001.0 | 150.0 |         0.3         |     -1     |  0.060404205322265626 |                              []                             |     5      |
| 15001.0 | 100.0 |         0.3         |     -1     |  0.06312351226806641  |                              []                             |     5      |
| 15001.0 |  50.0 |         0.3         |     -1     |  0.05821805000305176  |                              []                             |     5      |
| 15001.0 | 238.0 |         4.0         |     -1     |  0.058124637603759764 |                              []                             |     5      |
| 15001.0 | 252.0 |         3.0         |     -1     |  0.05707740783691406  |                            [8.5]                            |     5      |
| 15001.0 | 266.0 |         2.0         |     -1     |  0.05964474678039551  |                              []                             |     5      |
| 15001.0 | 308.0 |         1.0         |     -1     |  0.05736074447631836  |                              []                             |     5      |
| 15001.0 | 272.0 |         0.5         |     -1     |  0.05606517791748047  |                              []                             |     5      |
+---------+-------+---------------------+------------+-----------------------+-------------------------------------------------------------+------------+
