GOALS Max price: 100 Linear time: 0.0036101341247558594 Result: 7.0
+---------+-------+---------------------+------------+----------------------+-----------------------------------------------+------------+
|  Steps  |  Tmax |         Tmin        | Stagnation |       Avg time       |                 Wrong results                 | Iterations |
+---------+-------+---------------------+------------+----------------------+-----------------------------------------------+------------+
| 10781.9 |  25.3 |  0.8779999999999999 |     -1     | 0.03479184044731988  |                     [5.0]                     |     10     |
|  1001.0 |  28.1 |        0.263        |     -1     | 0.003911018371582031 | [5.0, 4.0, 5.0, 5.0, 5.0, 4.5, 5.0, 5.0, 5.0] |     10     |
|  4914.0 |  26.4 | 0.27999999999999997 |    2000    |  0.0218430757522583  |                [5.0, 5.0, 5.0]                |     5      |
|  7593.6 |  24.4 |        0.2466       |    2500    | 0.02122640609741211  |              [6.0, 6.0, 5.0, 5.0]             |     5      |
|  7352.8 |  28.2 |        0.276        |    3000    | 0.025878429412841797 |                   [6.0, 6.0]                  |     5      |
| 11111.8 |  24.4 | 0.21000000000000002 |    3500    | 0.05247728029886881  |                   [6.0, 6.0]                  |     5      |
| 15001.0 | 250.0 |         0.3         |     -1     | 0.06438910961151123  |                     [6.0]                     |     5      |
| 15001.0 | 200.0 |         0.3         |     -1     | 0.061724090576171876 |                       []                      |     5      |
| 15001.0 | 150.0 |         0.3         |     -1     | 0.06486153602600098  |                       []                      |     5      |
| 15001.0 | 100.0 |         0.3         |     -1     | 0.06289547681808472  |                     [6.0]                     |     5      |
| 15001.0 |  50.0 |         0.3         |     -1     | 0.06309723854064941  |                   [6.0, 6.0]                  |     5      |
| 15001.0 |  26.8 |         4.0         |     -1     | 0.06303215026855469  |                     [6.0]                     |     5      |
| 15001.0 |  22.8 |         3.0         |     -1     | 0.06408792734146118  |                     [5.0]                     |     5      |
| 15001.0 |  25.6 |         2.0         |     -1     |  0.064117431640625   |                     [5.0]                     |     5      |
| 15001.0 |  26.4 |         1.0         |     -1     | 0.06301546096801758  |                     [6.0]                     |     5      |
| 15001.0 |  23.2 |         0.5         |     -1     | 0.05983729362487793  |                       []                      |     5      |
+---------+-------+---------------------+------------+----------------------+-----------------------------------------------+------------+
GOALS Max price: 90 Linear time: 0.003628969192504883 Result: 7.0
+---------+-------+---------------------+------------+----------------------+------------------------------------------+------------+
|  Steps  |  Tmax |         Tmin        | Stagnation |       Avg time       |              Wrong results               | Iterations |
+---------+-------+---------------------+------------+----------------------+------------------------------------------+------------+
| 10311.5 |  26.3 |  0.6880000000000001 |     -1     | 0.04604935646057129  |                    []                    |     10     |
|  1001.0 |  24.3 |        0.253        |     -1     | 0.004109621047973633 | [6.0, 5.0, 4.0, 4.0, 5.0, 5.0, 5.0, 4.0] |     10     |
|  5733.2 |  23.4 | 0.24800000000000005 |    2000    | 0.01919698715209961  |           [5.0, 5.0, 5.0, 5.0]           |     5      |
|  6630.4 |  24.2 |        0.254        |    2500    | 0.021647135416666668 |                [5.0, 5.0]                |     5      |
|  6542.4 |  25.4 |        0.1694       |    3000    | 0.026886582374572754 |                  [6.0]                   |     5      |
| 13213.0 |  30.6 | 0.23399999999999999 |    3500    | 0.04757857322692871  |                  [6.0]                   |     5      |
| 15001.0 | 250.0 |         0.3         |     -1     | 0.06376922130584717  |                  [6.0]                   |     5      |
| 15001.0 | 200.0 |         0.3         |     -1     | 0.06424421072006226  |                  [6.0]                   |     5      |
| 15001.0 | 150.0 |         0.3         |     -1     | 0.06482219696044922  |                  [6.0]                   |     5      |
| 15001.0 | 100.0 |         0.3         |     -1     | 0.06464858055114746  |                    []                    |     5      |
| 15001.0 |  50.0 |         0.3         |     -1     | 0.06264630953470866  |                [6.0, 5.0]                |     5      |
| 15001.0 |  24.0 |         4.0         |     -1     | 0.06750333309173584  |             [6.0, 5.0, 6.0]              |     5      |
| 15001.0 |  24.2 |         3.0         |     -1     | 0.06491899490356445  |                [5.0, 6.0]                |     5      |
| 15001.0 |  25.0 |         2.0         |     -1     | 0.06493616104125977  |                [6.0, 5.0]                |     5      |
| 15001.0 |  31.8 |         1.0         |     -1     | 0.06899762153625488  |                  [6.0]                   |     5      |
| 15001.0 |  26.4 |         0.5         |     -1     | 0.06049791971842448  |                [5.0, 5.0]                |     5      |
+---------+-------+---------------------+------------+----------------------+------------------------------------------+------------+
GOALS Max price: 80 Linear time: 0.0038557052612304688 Result: 5.0
+---------+-------+---------------------+------------+----------------------+----------------------+------------+
|  Steps  |  Tmax |         Tmin        | Stagnation |       Avg time       |    Wrong results     | Iterations |
+---------+-------+---------------------+------------+----------------------+----------------------+------------+
|  1066.6 | 197.0 |        1.409        |     -1     | 0.004516434669494629 |          []          |     10     |
|  1001.0 | 200.0 |        0.253        |     -1     | 0.004230181376139323 | [4.0, 4.0, 4.0, 4.0] |     10     |
|  5779.8 | 170.0 |        0.198        |    2000    | 0.02730708122253418  |          []          |     5      |
|  6987.8 | 202.0 |        0.194        |    2500    | 0.030760860443115233 |          []          |     5      |
|  8869.4 | 180.0 | 0.21400000000000002 |    3000    | 0.03945555686950684  |          []          |     5      |
| 17337.2 | 192.0 | 0.22599999999999998 |    3500    | 0.07439813613891602  |          []          |     5      |
| 15001.0 | 250.0 |         0.3         |     -1     | 0.07595162391662598  |          []          |     5      |
| 15001.0 | 200.0 |         0.3         |     -1     |  0.0722818374633789  |          []          |     5      |
| 15001.0 | 150.0 |         0.3         |     -1     | 0.06460981369018555  |          []          |     5      |
| 15001.0 | 100.0 |         0.3         |     -1     | 0.07149734497070312  |          []          |     5      |
| 15001.0 |  50.0 |         0.3         |     -1     | 0.07041363716125489  |          []          |     5      |
| 15001.0 | 212.0 |         4.0         |     -1     | 0.06848330497741699  |          []          |     5      |
| 15001.0 | 182.0 |         3.0         |     -1     | 0.06308388710021973  |          []          |     5      |
| 15001.0 | 230.0 |         2.0         |     -1     | 0.06023979187011719  |          []          |     5      |
| 15001.0 | 216.0 |         1.0         |     -1     |  0.0682178020477295  |          []          |     5      |
| 15001.0 | 190.0 |         0.5         |     -1     | 0.06925482749938965  |          []          |     5      |
+---------+-------+---------------------+------------+----------------------+----------------------+------------+
GOALS Max price: 70 Linear time: 0.0038073062896728516 Result: 5.0
+---------+-------+---------------------+------------+-----------------------+------------------------------------------+------------+
|  Steps  |  Tmax |         Tmin        | Stagnation |        Avg time       |              Wrong results               | Iterations |
+---------+-------+---------------------+------------+-----------------------+------------------------------------------+------------+
|  1057.6 | 257.0 |        1.607        |     -1     |  0.005164289474487304 |                    []                    |     10     |
|  1001.0 | 286.0 |         0.27        |     -1     | 0.0058242082595825195 | [3.0, 4.0, 3.0, 3.0, 4.0, 3.0, 3.0, 3.0] |     10     |
|  6865.0 | 276.0 |        0.152        |    2000    |  0.03054324785868327  |                [3.0, 3.0]                |     5      |
| 13116.4 | 214.0 | 0.23600000000000004 |    2500    |  0.05828301111857096  |                [4.0, 4.0]                |     5      |
| 13191.8 | 278.0 | 0.11400000000000002 |    3000    |  0.028393030166625977 |             [4.0, 4.0, 4.0]              |     5      |
| 13732.2 | 254.0 | 0.17200000000000001 |    3500    |  0.056696605682373044 |                    []                    |     5      |
| 15001.0 | 250.0 |         0.3         |     -1     |  0.07407288551330567  |                    []                    |     5      |
| 15001.0 | 200.0 |         0.3         |     -1     |  0.06983294486999511  |                    []                    |     5      |
| 15001.0 | 150.0 |         0.3         |     -1     |  0.062140274047851565 |                    []                    |     5      |
| 15001.0 | 100.0 |         0.3         |     -1     |   0.0653073787689209  |                  [4.0]                   |     5      |
| 15001.0 |  50.0 |         0.3         |     -1     |  0.06490073204040528  |                    []                    |     5      |
| 15001.0 | 266.0 |         4.0         |     -1     |  0.06147634983062744  |                  [3.0]                   |     5      |
| 15001.0 | 242.0 |         3.0         |     -1     |  0.06087414423624674  |                [4.0, 3.0]                |     5      |
| 15001.0 | 252.0 |         2.0         |     -1     |  0.06275075674057007  |                  [3.0]                   |     5      |
| 15001.0 | 264.0 |         1.0         |     -1     |   0.0667302131652832  |                    []                    |     5      |
| 15001.0 | 250.0 |         0.5         |     -1     |   0.0591240406036377  |                    []                    |     5      |
+---------+-------+---------------------+------------+-----------------------+------------------------------------------+------------+
